array([[0.4538788 ],
       [0.20165619],
       [0.16319972],
       [0.6960241 ],
       [0.10192157],
       [0.5914154 ],
       [0.62427235],
       [0.46589762],
       [0.39602584],
       [0.0770375 ],
       [0.6281913 ],
       [0.401723  ],
       [0.70780027],
       [0.26361287],
       [0.54877985],
       [0.04617662],
       [0.44833025],
       [0.07389105],
       [0.627634  ],
       [0.7480889 ],
       [0.27647355],
       [0.46829084],
       [0.56610954],
       [0.50286776],
       [0.46898988],
       [0.16375361],
       [0.09603449],
       [0.6383775 ],
       [0.37349215],
       [0.22100721],
       [0.37438107],
       [0.1267779 ],
       [0.21388371],
       [0.09387357],
       [0.5100375 ],
       [0.21896699],
       [0.36440426],
       [0.792118  ],
       [0.12103947],
       [0.15326338],
       [0.20436913],
       [0.66092914],
       [0.37253064],
       [0.7682378 ],
       [0.31946075],
       [0.22416957],
       [0.77927065],
       [0.72176945],
       [0.32688954],
       [0.11949132],
       [0.57603675],
       [0.22003387],
       [0.50056666],
       [0.7512074 ],
       [0.19335562],
       [0.4888257 ],
       [0.11008686],
       [0.25289685],
       [0.42347065],
       [0.13799733],
       [0.24226956],
       [0.21734741],
       [0.24170807],
       [0.5745228 ],
       [0.5654584 ],
       [0.58040863],
       [0.18211198],
       [0.173388  ],
       [0.26353592],
       [0.38313174],
       [0.6201061 ],
       [0.5032582 ],
       [0.46687227],
       [0.09627145],
       [0.09234781],
       [0.30397123],
       [0.42577264],
       [0.4157651 ],
       [0.07435372],
       [0.08816966],
       [0.33429992],
       [0.47636372],
       [0.572847  ],
       [0.6050427 ],
       [0.149806  ],
       [0.54468423],
       [0.3941346 ],
       [0.16843   ],
       [0.06599388],
       [0.11600501],
       [0.14990062],
       [0.36319944],
       [0.25292662],
       [0.41904396],
       [0.7890259 ],
       [0.21625105],
       [0.14006007],
       [0.39538234],
       [0.617162  ],
       [0.33656472],
       [0.74894917],
       [0.5478276 ],
       [0.29301888],
       [0.09333788],
       [0.6575774 ],
       [0.54899335],
       [0.30051926],
       [0.7191886 ],
       [0.5261085 ],
       [0.20642503],
       [0.6881871 ],
       [0.4743603 ],
       [0.38448322],
       [0.6326854 ],
       [0.28108191],
       [0.62751716],
       [0.60056794],
       [0.09627777],
       [0.32455507],
       [0.7451114 ],
       [0.50083   ],
       [0.11026908],
       [0.7727854 ],
       [0.5659625 ],
       [0.3554852 ],
       [0.48615357],
       [0.44876885],
       [0.24652599],
       [0.59443474],
       [0.22413592],
       [0.31098112],
       [0.156692  ],
       [0.54851675],
       [0.18122415],
       [0.3209808 ],
       [0.5622791 ],
       [0.44652566],
       [0.57416135],
       [0.5521892 ],
       [0.24126476],
       [0.10580619],
       [0.2916442 ],
       [0.37802637],
       [0.13967884],
       [0.7539365 ],
       [0.2404496 ],
       [0.343081  ],
       [0.44554073],
       [0.41055715],
       [0.07989257],
       [0.77625257],
       [0.0815707 ],
       [0.26064533],
       [0.528695  ]], dtype=float32)
